177.76	0.519
178.15	0.519
178.54	0.519
178.93	-0.039
179.32	-0.000
179.70	-1.079
180.09	-0.202
180.48	-0.000
180.87	1.088
181.25	-0.000
181.64	-0.000
182.03	0.151
182.42	0.137
182.80	0.161
183.19	0.031
183.58	-0.000
183.97	0.251
184.36	-0.729
184.74	-0.633
185.13	-0.255
185.52	0.207
185.90	0.060
186.29	0.102
186.68	-0.000
187.07	0.136
187.45	0.319
187.84	-0.875
188.23	-0.000
188.61	-0.000
189.00	0.116
189.39	-0.049
189.78	0.232
190.16	0.244
190.55	-0.018
190.94	0.374
191.32	-0.069
191.71	-0.661
192.10	0.180
192.48	-0.007
192.87	-0.000
193.26	-0.000
193.64	0.567
194.03	0.184
194.42	-0.000
194.80	-0.210
195.19	0.332
195.58	0.351
195.96	0.315
196.35	-0.000
196.73	0.414
197.12	-0.806
197.51	-0.000
197.89	-0.000
198.28	0.259
198.67	-0.000
199.05	0.216
199.44	-0.133
199.82	0.225
200.21	1.342
200.60	-0.000
200.98	-0.000
201.37	-0.000
201.75	-0.000
202.14	-0.000
202.52	0.286
202.91	0.306
203.30	-0.025
203.68	0.766
204.07	0.102
204.45	-0.000
204.84	-0.643
205.22	0.332
205.61	0.190
205.99	-0.166
206.38	-0.254
206.76	-0.000
207.15	0.712
207.54	-0.057
207.92	0.301
208.31	-0.000
208.69	0.274
209.08	0.237
209.46	-0.000
209.85	0.284
210.23	-0.000
210.62	-0.079
211.00	0.298
211.39	0.343
211.77	0.452
212.16	-0.000
212.54	-0.000
212.92	0.602
213.31	-0.457
213.69	0.190
214.08	0.105
214.46	0.162
214.85	0.520
215.23	0.011
215.62	0.033
216.00	0.210
216.39	0.271
216.77	-0.000
217.15	0.231
217.54	0.089
217.92	1.166
218.31	-0.470
218.69	-0.671
219.08	0.230
219.46	-0.000
219.84	0.659
220.23	-0.000
220.61	0.274
221.00	-0.000
221.38	0.236
221.76	0.631
222.15	-0.000
222.53	0.463
222.91	0.133
223.30	0.361
223.68	0.458
224.07	0.307
224.45	0.259
224.83	-0.000
225.22	-0.000
225.60	0.148
225.98	0.341
226.37	0.212
226.75	0.190
227.13	0.400
227.52	-0.000
227.90	0.572
228.28	0.556
228.67	0.584
229.05	0.028
229.43	0.983
229.81	-0.000
230.20	0.065
230.58	0.070
230.96	-0.000
231.35	0.725
231.73	0.267
232.11	1.672
232.50	0.686
232.88	-0.000
233.26	0.903
233.64	0.189
234.03	0.584
234.41	-0.000
234.79	0.262
235.17	0.041
235.56	0.524
235.94	0.295
236.32	0.223
236.70	-0.000
237.09	-0.000
237.47	0.068
237.85	-0.514
238.23	0.199
238.61	0.400
239.00	-0.000
239.38	-1.164
239.76	0.126
240.14	-0.000
240.52	0.204
240.91	0.136
241.29	0.101
241.67	-0.214
242.05	-0.000
242.43	0.835
242.82	-0.000
243.20	0.314
243.58	-0.000
243.96	0.143
244.34	-0.097
244.72	-0.000
245.11	0.174
245.49	-0.000
245.87	-0.000
246.25	-0.000
246.63	-0.000
247.01	0.241
247.39	0.520
247.78	0.639
248.16	-0.000
248.54	-0.000
248.92	0.267
249.30	0.301
249.68	-0.860
250.06	0.298
250.44	0.470
250.82	0.836
251.21	0.087
251.59	-0.000
251.97	0.049
252.35	0.686
252.73	0.361
253.11	0.382
253.49	0.197
253.87	0.271
254.25	-0.000
254.63	-0.167
255.01	-0.068
255.39	0.237
255.77	0.250
256.15	0.783
256.53	0.254
256.91	0.225
257.29	0.148
257.67	0.299
258.05	0.233
258.44	0.373
258.82	1.889
259.20	0.218
259.58	0.098
259.96	0.452
260.34	-0.000
260.72	-0.000
261.10	0.301
261.48	0.595
261.86	0.301
262.23	0.411
262.61	-0.000
262.99	0.328
263.37	0.155
263.75	-0.034
264.13	0.390
264.51	0.432
264.89	-0.000
265.27	0.202
265.65	0.319
266.03	0.240
266.41	0.216
266.79	0.289
267.17	0.398
267.55	0.333
267.93	0.612
268.31	0.232
268.69	0.322
269.06	-0.000
269.44	-0.000
269.82	0.173
270.20	-0.000
270.58	-0.000
270.96	0.502
271.34	0.246
271.72	-0.000
272.10	0.527
272.47	0.170
272.85	0.072
273.23	1.099
273.61	0.306
273.99	0.373
274.37	0.430
274.75	0.602
275.12	0.198
275.50	0.518
275.88	0.213
276.26	0.127
276.64	2.193
277.02	0.544
277.39	1.092
277.77	0.525
278.15	0.439
278.53	0.376
278.91	0.637
279.29	0.069
279.66	1.378
280.04	-0.000
280.42	-0.000
280.80	0.128
281.18	0.582
281.55	1.136
281.93	0.369
282.31	1.260
282.69	-0.000
283.06	0.033
283.44	0.283
283.82	0.225
284.20	0.445
284.57	0.634
284.95	-0.000
285.33	0.357
285.71	0.565
286.08	0.656
286.46	0.563
286.84	0.549
287.22	0.572
287.59	-0.000
287.97	0.513
288.35	0.323
288.72	0.254
289.10	0.226
289.48	0.309
289.85	0.227
290.23	0.000
290.61	0.165
290.99	0.746
291.36	0.078
291.74	0.481
292.12	0.865
292.49	-0.000
292.87	-0.000
293.25	0.626
293.62	-0.000
294.00	0.009
294.38	0.421
294.75	-0.000
295.13	-0.000
295.50	0.167
295.88	0.283
296.26	0.581
296.63	0.517
297.01	0.216
297.39	0.289
297.76	-0.000
298.14	0.493
298.51	0.351
298.89	0.446
299.27	-0.000
299.64	0.633
300.02	0.099
300.39	0.224
300.77	0.074
301.14	0.444
301.52	-0.000
301.90	-0.000
302.27	0.399
302.65	0.170
303.02	1.987
303.40	0.628
303.77	0.278
304.15	0.402
304.52	0.605
304.90	0.351
305.28	0.439
305.65	-0.000
306.03	0.337
306.40	1.140
306.78	-0.000
307.15	-0.000
307.53	0.181
307.90	0.471
308.28	0.333
308.65	0.712
309.03	-0.000
309.40	-0.000
309.78	0.531
310.15	0.628
310.53	0.578
310.90	0.174
311.28	0.267
311.65	-0.000
312.02	0.077
312.40	-0.000
312.77	-0.145
313.15	0.159
313.52	-0.000
313.90	0.301
314.27	-0.000
314.65	0.446
315.02	-0.013
315.39	0.332
315.77	0.891
316.14	0.386
316.52	-0.000
316.89	0.319
317.27	0.541
317.64	0.510
318.01	0.477
318.39	1.211
318.76	0.321
319.13	0.292
319.51	0.322
319.88	-0.000
320.26	-0.000
320.63	0.296
321.00	0.830
321.38	0.919
321.75	0.641
322.12	0.158
322.50	0.055
322.87	0.464
323.24	0.448
323.62	-0.000
323.99	0.204
324.36	0.377
324.74	0.833
325.11	-0.000
325.48	0.295
325.86	-0.000
326.23	0.305
326.60	0.361
326.98	-0.000
327.35	0.494
327.72	0.281
328.10	-0.000
328.47	-0.000
328.84	0.243
329.21	0.223
329.59	0.643
329.96	1.191
330.33	1.301
330.70	-0.000
331.08	-0.000
331.45	-0.000
331.82	0.344
332.19	0.401
332.57	0.121
332.94	0.261
333.31	-0.000
333.68	-0.000
334.06	0.258
334.43	0.270
334.80	-0.000
335.17	-0.000
335.54	0.167
335.92	0.183
336.29	0.120
336.66	0.322
337.03	0.274
337.40	0.495
337.78	0.237
338.15	0.184
338.52	0.500
338.89	0.143
339.26	-0.000
339.63	0.099
340.01	0.345
340.38	-0.000
340.75	0.562
341.12	0.490
341.49	0.373
341.86	0.542
342.24	0.222
342.61	0.429
342.98	-0.000
343.35	14.849
343.72	0.388
344.09	0.241
344.46	-0.000
344.83	0.304
345.20	0.098
345.58	0.416
345.95	-0.000
346.32	0.642
346.69	0.352
347.06	0.269
347.43	-0.000
347.80	-0.000
348.17	0.314
348.54	1.781
348.91	0.235
349.28	0.435
349.65	0.862
350.02	0.150
350.39	0.263
350.77	0.171
351.14	0.587
351.51	0.180
351.88	0.396
352.25	0.435
352.62	0.699
352.99	0.260
353.36	0.812
353.73	0.526
354.10	0.628
354.47	0.536
354.84	0.875
355.21	0.356
355.58	0.550
355.95	0.427
356.32	0.448
356.69	0.474
357.06	0.313
357.43	0.331
357.80	0.360
358.16	0.476
358.53	0.526
358.90	0.437
359.27	0.436
359.64	0.459
360.01	0.470
360.38	0.537
360.75	0.498
361.12	0.507
361.49	0.495
361.86	0.499
362.23	0.433
362.60	0.454
362.97	0.433
363.34	0.424
363.70	0.466
364.07	0.465
364.44	0.444
364.81	0.475
365.18	0.465
365.55	0.466
365.92	0.459
366.29	0.459
366.65	0.478
367.02	0.468
367.39	0.478
367.76	0.464
368.13	0.468
368.50	0.466
368.87	0.467
369.23	0.469
369.60	0.482
369.97	0.475
370.34	0.458
370.71	0.479
371.08	0.459
371.44	0.471
371.81	0.469
372.18	0.471
372.55	0.467
372.92	0.480
373.28	0.477
373.65	0.461
374.02	0.473
374.39	0.475
374.75	0.482
375.12	0.470
375.49	0.464
375.86	0.478
376.23	0.475
376.59	0.474
376.96	0.471
377.33	0.467
377.70	0.471
378.06	0.461
378.43	0.471
378.80	0.484
379.16	0.465
379.53	0.477
379.90	0.469
380.27	0.482
380.63	0.463
381.00	0.472
381.37	0.470
381.73	0.465
382.10	0.465
382.47	0.466
382.83	0.469
383.20	0.471
383.57	0.470
383.93	0.463
384.30	0.470
384.67	0.466
385.03	0.469
385.40	0.473
385.77	0.463
386.13	0.471
386.50	0.468
386.87	0.466
387.23	0.472
387.60	0.477
387.97	0.479
388.33	0.484
388.70	0.476
389.06	0.460
389.43	0.476
389.80	0.461
390.16	0.472
390.53	0.463
390.89	0.466
391.26	0.461
391.63	0.460
391.99	0.463
392.36	0.472
392.72	0.467
393.09	0.463
393.46	0.475
393.82	0.468
394.19	0.462
394.55	0.464
394.92	0.456
395.28	0.460
395.65	0.458
396.01	0.461
396.38	0.472
396.74	0.456
397.11	0.449
397.47	0.461
397.84	0.470
398.20	0.457
398.57	0.458
398.93	0.465
399.30	0.465
399.66	0.462
400.03	0.455
400.39	0.458
400.76	0.462
401.12	0.463
401.49	0.458
401.85	0.460
402.22	0.454
402.58	0.459
402.95	0.461
403.31	0.454
403.68	0.460
404.04	0.457
404.40	0.455
404.77	0.462
405.13	0.462
405.50	0.457
405.86	0.455
406.23	0.461
406.59	0.452
406.95	0.456
407.32	0.446
407.68	0.452
408.05	0.451
408.41	0.455
408.77	0.453
409.14	0.457
409.50	0.454
409.87	0.449
410.23	0.449
410.59	0.446
410.96	0.445
411.32	0.445
411.68	0.455
412.05	0.450
412.41	0.449
412.77	0.453
413.14	0.449
413.50	0.450
413.86	0.449
414.23	0.448
414.59	0.447
414.95	0.453
415.32	0.448
415.68	0.446
416.04	0.447
416.41	0.446
416.77	0.456
417.13	0.447
417.49	0.446
417.86	0.439
418.22	0.447
418.58	0.446
418.95	0.452
419.31	0.454
419.67	0.447
420.03	0.449
420.40	0.442
420.76	0.448
421.12	0.451
421.48	0.451
421.85	0.450
422.21	0.447
422.57	0.443
422.93	0.440
423.29	0.443
423.66	0.443
424.02	0.442
424.38	0.440
424.74	0.444
425.10	0.436
425.47	0.442
425.83	0.442
426.19	0.436
426.55	0.433
426.91	0.438
427.28	0.445
427.64	0.441
428.00	0.436
428.36	0.451
428.72	0.440
429.08	0.438
429.44	0.434
429.81	0.446
430.17	0.443
430.53	0.440
430.89	0.441
431.25	0.442
431.61	0.437
431.97	0.432
432.33	0.434
432.70	0.441
433.06	0.436
433.42	0.441
433.78	0.436
434.14	0.428
434.50	0.436
434.86	0.437
435.22	0.435
435.58	0.436
435.94	0.436
436.30	0.434
436.66	0.438
437.03	0.427
437.39	0.443
437.75	0.434
438.11	0.433
438.47	0.429
438.83	0.432
439.19	0.436
439.55	0.437
439.91	0.431
440.27	0.430
440.63	0.439
440.99	0.431
441.35	0.428
441.71	0.429
442.07	0.429
442.43	0.429
442.79	0.427
443.15	0.420
443.51	0.436
443.87	0.431
444.23	0.425
444.59	0.428
444.95	0.422
445.31	0.421
445.67	0.428
446.03	0.431
446.38	0.432
446.74	0.430
447.10	0.429
447.46	0.427
447.82	0.428
448.18	0.435
448.54	0.433
448.90	0.429
449.26	0.430
449.62	0.430
449.98	0.424
450.34	0.427
450.69	0.428
451.05	0.431
451.41	0.425
451.77	0.428
452.13	0.428
452.49	0.425
452.85	0.421
453.21	0.428
453.56	0.424
453.92	0.418
454.28	0.430
454.64	0.424
455.00	0.418
455.36	0.420
455.72	0.419
456.07	0.425
456.43	0.423
456.79	0.426
457.15	0.430
457.51	0.426
457.86	0.424
458.22	0.424
458.58	0.416
458.94	0.425
459.30	0.423
459.65	0.419
460.01	0.423
460.37	0.423
460.73	0.427
461.08	0.414
461.44	0.421
461.80	0.418
462.16	0.419
462.51	0.420
462.87	0.419
463.23	0.422
463.59	0.416
463.94	0.424
464.30	0.409
464.66	0.419
465.02	0.413
465.37	0.420
465.73	0.423
466.09	0.421
466.44	0.413
466.80	0.415
467.16	0.411
467.52	0.418
467.87	0.416
468.23	0.417
468.59	0.411
468.94	0.414
469.30	0.419
469.66	0.422
470.01	0.413
470.37	0.415
470.73	0.419
471.08	0.421
471.44	0.418
471.79	0.419
472.15	0.417
472.51	0.419
472.86	0.412
473.22	0.418
473.58	0.419
473.93	0.415
474.29	0.415
474.64	0.420
475.00	0.422
475.36	0.421
475.71	0.426
476.07	0.420
476.42	0.424
476.78	0.424
477.13	0.420
477.49	0.421
477.85	0.416
478.20	0.420
478.56	0.423
478.91	0.421
479.27	0.425
479.62	0.422
479.98	0.416
480.33	0.426
480.69	0.422
481.04	0.423
481.40	0.420
481.75	0.427
482.11	0.423
482.47	0.419
482.82	0.427
483.18	0.425
483.53	0.419
483.88	0.430
484.24	0.424
484.59	0.431
484.95	0.423
485.30	0.421
485.66	0.422
486.01	0.424
486.37	0.423
486.72	0.427
487.08	0.430
487.43	0.428
487.79	0.427
488.14	0.431
488.49	0.428
488.85	0.433
489.20	0.434
489.56	0.434
489.91	0.432
490.27	0.437
490.62	0.433
490.97	0.439
491.33	0.434
491.68	0.434
492.03	0.439
492.39	0.437
492.74	0.440
493.10	0.440
493.45	0.444
493.80	0.439
494.16	0.442
494.51	0.442
494.86	0.437
495.22	0.438
495.57	0.437
495.92	0.445
496.28	0.442
496.63	0.453
496.98	0.443
497.34	0.447
497.69	0.444
498.04	0.447
498.40	0.454
498.75	0.450
499.10	0.447
499.46	0.451
499.81	0.449
500.16	0.451
500.51	0.452
500.87	0.453
501.22	0.451
501.57	0.462
501.92	0.453
502.28	0.465
502.63	0.461
502.98	0.455
503.34	0.464
503.69	0.465
504.04	0.460
504.39	0.464
504.74	0.472
505.10	0.474
505.45	0.467
505.80	0.468
506.15	0.474
506.51	0.470
506.86	0.472
507.21	0.472
507.56	0.470
507.91	0.473
508.26	0.471
508.62	0.469
508.97	0.485
509.32	0.472
509.67	0.481
510.02	0.475
510.37	0.474
510.73	0.478
511.08	0.483
511.43	0.478
511.78	0.482
512.13	0.485
512.48	0.489
512.83	0.482
513.19	0.490
513.54	0.480
513.89	0.489
514.24	0.493
514.59	0.505
514.94	0.496
515.29	0.488
515.64	0.494
515.99	0.488
516.34	0.504
516.69	0.491
517.05	0.494
517.40	0.495
517.75	0.496
518.10	0.492
518.45	0.497
518.80	0.500
519.15	0.499
519.50	0.497
519.85	0.498
520.20	0.506
520.55	0.501
520.90	0.505
521.25	0.504
521.60	0.514
521.95	0.510
522.30	0.501
522.65	0.506
523.00	0.512
523.35	0.500
523.70	0.512
524.05	0.507
524.40	0.506
524.75	0.506
525.10	0.507
525.45	0.509
525.80	0.508
526.15	0.515
526.50	0.509
526.85	0.504
527.20	0.507
527.55	0.514
527.90	0.509
528.24	0.515
528.59	0.516
528.94	0.514
529.29	0.513
529.64	0.515
529.99	0.510
530.34	0.512
530.69	0.516
531.04	0.517
531.39	0.515
531.73	0.514
532.08	0.511
532.43	0.515
532.78	0.515
533.13	0.516
533.48	0.520
533.83	0.514
534.17	0.513
534.52	0.512
534.87	0.518
535.22	0.514
535.57	0.512
535.92	0.511
536.27	0.520
536.61	0.513
536.96	0.528
537.31	0.516
537.66	0.519
538.01	0.518
538.35	0.527
538.70	0.518
539.05	0.523
539.40	0.517
539.74	0.522
540.09	0.518
540.44	0.526
540.79	0.522
541.14	0.525
541.48	0.526
541.83	0.520
542.18	0.529
542.53	0.525
542.87	0.518
543.22	0.523
543.57	0.522
543.91	0.529
544.26	0.524
544.61	0.532
544.96	0.530
545.30	0.534
545.65	0.526
546.00	0.523
546.34	0.534
546.69	0.528
547.04	0.528
547.38	0.526
547.73	0.522
548.08	0.522
548.42	0.511
548.77	0.515
549.12	0.517
549.46	0.514
549.81	0.524
550.16	0.524
550.50	0.520
550.85	0.531
551.20	0.517
551.54	0.513
551.89	0.518
552.23	0.523
552.58	0.510
552.93	0.525
553.27	0.513
553.62	0.515
553.96	0.511
554.31	0.520
554.66	0.516
555.00	0.520
555.35	0.514
555.69	0.508
556.04	0.508
556.38	0.513
556.73	0.508
557.08	0.505
557.42	0.509
557.77	0.512
558.11	0.512
558.46	0.515
558.80	0.508
559.15	0.511
559.49	0.514
559.84	0.519
560.18	0.513
560.53	0.512
560.87	0.516
561.22	0.515
561.56	0.509
561.91	0.515
562.25	0.511
562.60	0.512
562.94	0.514
563.29	0.509
563.63	0.513
563.98	0.502
564.32	0.508
564.66	0.511
565.01	0.502
565.35	0.502
565.70	0.503
566.04	0.507
566.39	0.504
566.73	0.505
567.07	0.504
567.42	0.498
567.76	0.496
568.11	0.505
568.45	0.502
568.80	0.508
569.14	0.501
569.48	0.501
569.83	0.500
570.17	0.490
570.51	0.501
570.86	0.497
571.20	0.492
571.54	0.500
571.89	0.500
572.23	0.496
572.58	0.490
572.92	0.492
573.26	0.494
573.61	0.495
573.95	0.489
574.29	0.485
574.63	0.496
574.98	0.492
575.32	0.492
575.66	0.493
576.01	0.491
576.35	0.493
576.69	0.482
577.04	0.488
577.38	0.487
577.72	0.487
578.06	0.482
578.41	0.488
578.75	0.492
579.09	0.489
579.43	0.494
579.78	0.489
580.12	0.480
580.46	0.485
580.80	0.487
581.15	0.479
581.49	0.475
581.83	0.475
582.17	0.480
582.51	0.479
582.86	0.476
583.20	0.482
583.54	0.482
583.88	0.482
584.22	0.480
584.57	0.480
584.91	0.483
585.25	0.476
585.59	0.480
585.93	0.482
586.27	0.470
586.62	0.472
586.96	0.472
587.30	0.476
587.64	0.480
587.98	0.477
588.32	0.478
588.66	0.481
589.01	0.479
589.35	0.475
589.69	0.472
590.03	0.479
590.37	0.473
590.71	0.472
591.05	0.475
591.39	0.478
591.73	0.477
592.07	0.475
592.41	0.472
592.76	0.469
593.10	0.474
593.44	0.474
593.78	0.472
594.12	0.469
594.46	0.469
594.80	0.468
595.14	0.462
595.48	0.468
595.82	0.462
596.16	0.465
596.50	0.471
596.84	0.471
597.18	0.469
597.52	0.472
597.86	0.475
598.20	0.467
598.54	0.475
598.88	0.467
599.22	0.472
599.56	0.469
599.90	0.468
600.24	0.468
600.58	0.464
600.92	0.466
601.26	0.461
601.60	0.463
601.94	0.465
602.28	0.463
602.62	0.459
602.95	0.462
603.29	0.461
603.63	0.463
603.97	0.467
604.31	0.465
604.65	0.468
604.99	0.462
605.33	0.466
605.67	0.465
606.01	0.463
606.34	0.471
606.68	0.470
607.02	0.468
607.36	0.467
607.70	0.460
608.04	0.460
608.38	0.456
608.71	0.457
609.05	0.458
609.39	0.459
609.73	0.457
610.07	0.460
610.41	0.459
610.74	0.456
611.08	0.462
611.42	0.468
611.76	0.466
612.10	0.461
612.44	0.466
612.77	0.458
613.11	0.470
613.45	0.461
613.79	0.460
614.12	0.464
614.46	0.463
614.80	0.458
615.14	0.456
615.47	0.457
615.81	0.461
616.15	0.457
616.49	0.450
616.82	0.453
617.16	0.455
617.50	0.447
617.84	0.450
618.17	0.458
618.51	0.452
618.85	0.456
619.18	0.458
619.52	0.449
619.86	0.457
620.20	0.452
620.53	0.449
620.87	0.452
621.21	0.457
621.54	0.457
621.88	0.456
622.22	0.457
622.55	0.451
622.89	0.452
623.22	0.449
623.56	0.449
623.90	0.452
624.23	0.449
624.57	0.453
624.91	0.447
625.24	0.447
625.58	0.447
625.91	0.455
626.25	0.453
626.59	0.451
626.92	0.448
627.26	0.447
627.59	0.448
627.93	0.448
628.27	0.452
628.60	0.452
628.94	0.447
629.27	0.449
629.61	0.453
629.94	0.438
630.28	0.446
630.61	0.446
630.95	0.444
631.29	0.450
631.62	0.444
631.96	0.441
632.29	0.452
632.63	0.444
632.96	0.442
633.30	0.441
633.63	0.446
633.97	0.441
634.30	0.446
634.64	0.438
634.97	0.449
635.31	0.447
635.64	0.445
635.97	0.449
636.31	0.443
636.64	0.448
636.98	0.436
637.31	0.436
637.65	0.440
637.98	0.439
638.32	0.442
638.65	0.437
638.98	0.442
639.32	0.449
639.65	0.441
639.99	0.440
640.32	0.447
640.65	0.441
640.99	0.435
641.32	0.433
641.66	0.429
641.99	0.440
642.32	0.438
642.66	0.435
642.99	0.435
643.32	0.440
643.66	0.441
643.99	0.443
644.33	0.437
644.66	0.442
644.99	0.433
645.33	0.431
645.66	0.431
645.99	0.442
646.32	0.436
646.66	0.437
646.99	0.438
647.32	0.440
647.66	0.442
647.99	0.440
648.32	0.439
648.66	0.439
648.99	0.436
649.32	0.440
649.65	0.434
649.99	0.429
650.32	0.437
650.65	0.434
650.98	0.434
651.32	0.436
651.65	0.429
651.98	0.437
652.31	0.438
652.65	0.438
652.98	0.432
653.31	0.432
653.64	0.429
653.97	0.438
654.31	0.439
654.64	0.436
654.97	0.426
655.30	0.404
655.63	0.364
655.97	0.368
656.30	0.411
656.63	0.414
656.96	0.421
657.29	0.419
657.62	0.420
657.95	0.425
658.29	0.432
658.62	0.424
658.95	0.424
659.28	0.426
659.61	0.431
659.94	0.426
660.27	0.426
660.60	0.428
660.94	0.434
661.27	0.431
661.60	0.434
661.93	0.440
662.26	0.434
662.59	0.443
662.92	0.433
663.25	0.431
663.58	0.440
663.91	0.427
664.24	0.431
664.57	0.428
664.90	0.431
665.23	0.432
665.57	0.429
665.90	0.429
666.23	0.429
666.56	0.426
666.89	0.425
667.22	0.425
667.55	0.424
667.88	0.428
668.21	0.423
668.54	0.425
668.87	0.432
669.20	0.431
669.53	0.424
669.86	0.434
670.18	0.426
670.51	0.431
670.84	0.430
671.17	0.433
671.50	0.428
671.83	0.427
672.16	0.432
672.49	0.433
672.82	0.424
673.15	0.429
673.48	0.421
673.81	0.426
674.14	0.428
674.47	0.428
674.80	0.429
675.12	0.430
675.45	0.427
675.78	0.434
676.11	0.420
676.44	0.435
676.77	0.418
677.10	0.421
677.43	0.424
677.75	0.435
678.08	0.415
678.41	0.420
678.74	0.423
679.07	0.418
679.40	0.420
679.72	0.416
680.05	0.417
680.38	0.419
680.71	0.419
681.04	0.420
681.36	0.426
681.69	0.424
682.02	0.423
682.35	0.418
682.68	0.418
683.00	0.417
683.33	0.428
683.66	0.430
683.99	0.425
684.31	0.426
684.64	0.424
684.97	0.426
685.30	0.418
685.62	0.423
685.95	0.416
686.28	0.411
686.61	0.417
686.93	0.418
687.26	0.419
687.59	0.422
687.91	0.419
688.24	0.415
688.57	0.424
688.90	0.418
689.22	0.415
689.55	0.423
689.88	0.427
690.20	0.416
690.53	0.417
690.86	0.421
691.18	0.425
691.51	0.421
691.83	0.418
692.16	0.418
692.49	0.424
692.81	0.421
693.14	0.419
693.47	0.422
693.79	0.418
694.12	0.420
694.44	0.418
694.77	0.417
695.10	0.424
695.42	0.418
695.75	0.417
696.07	0.417
696.40	0.426
696.73	0.423
697.05	0.431
697.38	0.424
697.70	0.409
698.03	0.416
698.35	0.419
698.68	0.408
699.00	0.407
699.33	0.414
699.65	0.414
699.98	0.416
700.30	0.413
700.63	0.412
700.95	0.412
701.28	0.416
701.60	0.415
701.93	0.422
702.25	0.421
702.58	0.421
702.90	0.411
703.23	0.415
703.55	0.421
703.88	0.416
704.20	0.410
704.53	0.420
704.85	0.425
705.18	0.412
705.50	0.411
705.82	0.416
706.15	0.410
706.47	0.418
706.80	0.414
707.12	0.416
707.45	0.418
707.77	0.417
708.09	0.411
708.42	0.414
708.74	0.410
709.07	0.416
709.39	0.411
709.71	0.410
710.04	0.411
710.36	0.409
710.68	0.410
711.01	0.404
711.33	0.415
711.65	0.414
711.98	0.414
712.30	0.414
712.62	0.418
712.95	0.412
713.27	0.408
713.59	0.404
713.92	0.408
714.24	0.413
714.56	0.410
714.89	0.405
715.21	0.409
715.53	0.409
715.85	0.410
716.18	0.409
716.50	0.409
716.82	0.407
717.14	0.405
717.47	0.415
717.79	0.415
718.11	0.418
718.43	0.408
718.76	0.406
719.08	0.401
719.40	0.412
719.72	0.416
720.04	0.406
720.37	0.408
720.69	0.406
721.01	0.409
721.33	0.405
721.65	0.413
721.98	0.416
722.30	0.410
722.62	0.404
722.94	0.411
723.26	0.407
723.58	0.404
723.91	0.411
724.23	0.412
724.55	0.408
724.87	0.406
725.19	0.409
725.51	0.406
725.83	0.396
726.16	0.402
726.48	0.407
726.80	0.406
727.12	0.408
727.44	0.398
727.76	0.402
728.08	0.412
728.40	0.410
728.72	0.403
729.04	0.408
729.36	0.400
729.69	0.398
730.01	0.402
730.33	0.408
730.65	0.414
730.97	0.408
731.29	0.398
731.61	0.405
731.93	0.411
732.25	0.401
732.57	0.418
732.89	0.406
733.21	0.410
733.53	0.400
733.85	0.403
734.17	0.410
734.49	0.412
734.81	0.409
735.13	0.412
735.45	0.406
735.77	0.409
736.09	0.413
736.41	0.413
736.73	0.413
737.05	0.409
737.36	0.406
737.68	0.404
738.00	0.407
738.32	0.410
738.64	0.408
738.96	0.402
739.28	0.400
739.60	0.406
739.92	0.403
740.24	0.400
740.56	0.398
740.87	0.397
741.19	0.402
741.51	0.402
741.83	0.402
742.15	0.399
742.47	0.407
742.79	0.396
743.11	0.397
743.42	0.400
743.74	0.404
744.06	0.412
744.38	0.402
744.70	0.409
745.01	0.407
745.33	0.401
745.65	0.405
745.97	0.400
746.29	0.407
746.61	0.406
746.92	0.403
747.24	0.407
747.56	0.404
747.88	0.407
748.19	0.407
748.51	0.409
748.83	0.407
749.15	0.405
749.46	0.405
749.78	0.405
750.10	0.408
750.42	0.406
750.73	0.409
751.05	0.402
751.37	0.403
751.69	0.413
752.00	0.406
752.32	0.406
752.64	0.412
752.95	0.418
753.27	0.402
753.59	0.411
753.90	0.409
754.22	0.407
754.54	0.406
754.85	0.401
755.17	0.405
755.49	0.404
755.80	0.397
756.12	0.409
756.44	0.403
756.75	0.402
757.07	0.403
757.38	0.407
757.70	0.403
758.02	0.411
758.33	0.407
758.65	0.406
758.96	0.409
759.28	0.401
759.60	0.402
759.91	0.404
760.23	0.406
760.54	0.408
760.86	0.405
761.17	0.405
761.49	0.414
761.81	0.412
762.12	0.418
762.44	0.414
762.75	0.406
763.07	0.402
763.38	0.408
763.70	0.410
764.01	0.411
764.33	0.408
764.64	0.404
764.96	0.402
765.27	0.406
765.59	0.406
765.90	0.406
766.22	0.397
766.53	0.397
766.85	0.405
767.16	0.414
767.48	0.398
767.79	0.409
768.10	0.406
768.42	0.402
768.73	0.404
769.05	0.407
769.36	0.402
769.68	0.403
769.99	0.397
770.30	0.410
770.62	0.397
770.93	0.411
771.25	0.405
771.56	0.401
771.87	0.407
772.19	0.405
772.50	0.405
772.82	0.405
773.13	0.406
773.44	0.409
773.76	0.411
774.07	0.396
774.38	0.405
774.70	0.389
775.01	0.402
775.32	0.403
775.64	0.396
775.95	0.392
776.26	0.392
776.58	0.398
776.89	0.389
777.20	0.404
777.51	0.401
777.83	0.394
778.14	0.404
778.45	0.395
778.77	0.388
779.08	0.402
779.39	0.405
779.70	0.400
780.02	0.403
780.33	0.407
780.64	0.404
780.95	0.393
781.27	0.401
781.58	0.394
781.89	0.399
782.20	0.400
782.51	0.389
782.83	0.395
783.14	0.398
783.45	0.404
783.76	0.402
784.07	0.400
784.39	0.398
784.70	0.398
785.01	0.406
785.32	0.398
785.63	0.399
785.94	0.408
786.25	0.408
786.57	0.404
786.88	0.400
787.19	0.410
787.50	0.407
787.81	0.406
788.12	0.397
788.43	0.403
788.74	0.406
789.06	0.398
789.37	0.401
789.68	0.396
789.99	0.394
790.30	0.399
790.61	0.396
790.92	0.400
791.23	0.395
791.54	0.398
791.85	0.398
792.16	0.411
792.47	0.397
792.78	0.399
793.09	0.395
793.40	0.401
793.71	0.403
794.02	0.390
794.33	0.396
794.64	0.401
794.95	0.395
795.26	0.398
795.57	0.406
795.88	0.393
796.19	0.398
796.50	0.395
796.81	0.386
797.12	0.388
797.43	0.385
797.74	0.397
798.05	0.398
798.36	0.390
798.67	0.389
798.98	0.393
799.29	0.404
799.60	0.399
799.91	0.405
800.22	0.394
800.53	0.390
800.84	0.396
801.14	0.399
801.45	0.393
801.76	0.393
802.07	0.401
802.38	0.391
802.69	0.395
803.00	0.399
803.31	0.388
803.61	0.395
803.92	0.392
804.23	0.395
804.54	0.399
804.85	0.398
805.16	0.396
805.46	0.383
805.77	0.391
806.08	0.389
806.39	0.395
806.70	0.391
807.00	0.389
807.31	0.390
807.62	0.395
807.93	0.396
808.24	0.389
808.54	0.389
808.85	0.386
809.16	0.397
809.47	0.386
809.77	0.379
810.08	0.381
810.39	0.402
810.70	0.392
811.00	0.389
811.31	0.385
811.62	0.392
811.92	0.380
812.23	0.381
812.54	0.391
812.85	0.395
813.15	0.396
813.46	0.390
813.77	0.394
814.07	0.387
814.38	0.384
814.69	0.389
814.99	0.392
815.30	0.387
815.61	0.383
815.91	0.394
816.22	0.397
816.53	0.397
816.83	0.379
817.14	0.408
817.44	0.389
817.75	0.397
818.06	0.402
818.36	0.392
818.67	0.375
818.97	0.390
819.28	0.396
819.59	0.392
819.89	0.385
820.20	0.391
820.50	0.394
820.81	0.395
821.11	0.398
821.42	0.393
821.72	0.386
822.03	0.402
822.34	0.389
822.64	0.393
822.95	0.394
823.25	0.383
823.56	0.395
823.86	0.398
824.17	0.391
824.47	0.393
824.78	0.391
825.08	0.391
825.39	0.400
825.69	0.385
826.00	0.383
826.30	0.402
826.60	0.404
826.91	0.396
827.21	0.395
827.52	0.401
827.82	0.388
828.13	0.390
828.43	0.384
828.74	0.386
829.04	0.392
829.34	0.384
829.65	0.400
829.95	0.399
830.26	0.398
830.56	0.403
830.86	0.394
831.17	0.389
831.47	0.390
831.77	0.389
832.08	0.397
832.38	0.411
832.69	0.398
832.99	0.391
833.29	0.403
833.60	0.391
833.90	0.381
834.20	0.386
834.51	0.387
834.81	0.398
835.11	0.395
835.41	0.394
835.72	0.380
836.02	0.391
836.32	0.374
836.63	0.394
836.93	0.384
837.23	0.382
837.53	0.385
837.84	0.387
838.14	0.370
838.44	0.382
838.74	0.378
839.05	0.387
839.35	0.385
839.65	0.393
839.95	0.382
840.26	0.396
840.56	0.390
840.86	0.401
841.16	0.396
841.46	0.385
841.77	0.384
842.07	0.371
842.37	0.388
842.67	0.404
842.97	0.388
843.28	0.380
843.58	0.377
843.88	0.409
844.18	0.389
844.48	0.399
844.78	0.387
845.08	0.389
845.39	0.377
845.69	0.385
845.99	0.387
846.29	0.404
846.59	0.395
846.89	0.376
847.19	0.386
847.49	0.381
847.79	0.390
848.09	0.385
848.40	0.386
848.70	0.387
849.00	0.401
849.30	0.390
849.60	0.398
849.90	0.393
850.20	0.393
850.50	0.383
850.80	0.386
851.10	0.389
851.40	0.374
851.70	0.398
852.00	0.377
852.30	0.385
852.60	0.381
852.90	0.393
853.20	0.382
853.50	0.387
853.80	0.379
854.10	0.368
854.40	0.390
854.70	0.399
855.00	0.380
855.30	0.378
855.60	0.385
855.90	0.375
856.20	0.400
856.50	0.379
856.79	0.388
857.09	0.404
857.39	0.391
857.69	0.390
857.99	0.406
858.29	0.382
858.59	0.389
858.89	0.383
859.19	0.388
859.49	0.401
859.78	0.391
860.08	0.390
860.38	0.384
860.68	0.392
860.98	0.375
861.28	0.384
861.58	0.394
861.87	0.378
862.17	0.387
862.47	0.395
862.77	0.366
863.07	0.392
863.36	0.390
863.66	0.371
863.96	0.383
864.26	0.367
864.56	0.372
864.85	0.389
865.15	0.371
865.45	0.398
865.75	0.371
866.04	0.378
866.34	0.397
866.64	0.390
866.94	0.395
867.23	0.386
867.53	0.373
867.83	0.403
868.13	0.389
868.42	0.374
868.72	0.406
869.02	0.359
869.31	0.404
869.61	0.390
869.91	0.376
870.21	0.394
870.50	0.380
870.80	0.401
871.10	0.391
871.39	0.395
871.69	0.404
871.98	0.370
872.28	0.391
872.58	0.375
872.87	0.393
873.17	0.386
873.47	0.376
873.76	0.387
874.06	0.359
874.35	0.375
874.65	0.356
874.95	0.383
875.24	0.367
875.54	0.363
875.83	0.417
876.13	0.376
876.43	0.402
876.72	0.363
877.02	0.377
877.31	0.413
877.61	0.380
877.90	0.352
878.20	0.406
878.49	0.337
878.79	0.383
879.08	0.384
879.38	0.349
879.67	0.369
879.97	0.360
880.26	0.346
880.56	0.382
880.85	0.411
881.15	0.380
881.44	0.378
881.74	0.403
882.03	0.382
882.33	0.382
882.62	0.382
